
A =

   3.3333e-01   3.3333e-01   6.6667e-01
   6.6667e-01   6.6667e-01   1.3333e+00
   3.3333e-01   6.6667e-01   1.0000e+00
   4.0000e-01   4.0000e-01   8.0000e-01
   6.0000e-01   2.0000e-01   8.0000e-01


S =

   2.5987e+00            0            0
            0   3.6815e-01            0
            0            0   9.8864e-17


A =

   3.3333e-01   3.3333e-01   6.6667e-01
   6.6667e-01   6.6667e-01   1.3333e+00
   3.3333e-01   6.6667e-01   1.0000e+00
   4.0000e-01   4.0000e-01   8.0000e-01
   6.0000e-01   2.0000e-01   8.0000e-01


S =

   2.5987e+00            0            0
            0   3.6815e-01            0
            0            0   9.8864e-17

