
A =

     5     1     3
     1     2     1
     2     4     3


ans =

   5.0000e+00  -3.1305e+00   4.4721e-01
  -2.2361e+00   4.8000e+00   2.6000e+00
            0  -4.0000e-01   2.0000e-01


ans =

   7.4903e+00  -7.1195e-01   1.6532e+00
            0   1.8657e+00  -2.6000e+00
            0            0   6.4403e-01


ans =

   7.4903e+00  -7.1195e-01   1.6532e+00
            0   1.8657e+00  -2.6000e+00
            0            0   6.4403e-01


ans =

   7.4903e+00
   1.8657e+00
   6.4403e-01


A =

     1     2     3
    -4     5     6
    -7    -8     9


ans =

   1.0000e+00  -3.5970e+00  -2.4807e-01
   8.0623e+00   7.1538e+00  -9.2308e+00
            0   4.7692e+00   6.8462e+00


ans =

   2.7584e+00  -9.5595e-01   7.5733e+00
            0   6.1208e+00  -1.0187e+01
            0   6.3582e+00   6.1208e+00


ans =

   2.7584e+00                 4.6949e+00 - 7.5010e-01i   5.9262e-01 - 5.9425e+00i
            0                 6.1208e+00 + 8.0479e+00i   3.8284e+00              
            0                          0                 6.1208e+00 - 8.0479e+00i


ans =

   2.7584e+00              
   6.1208e+00 + 8.0479e+00i
   6.1208e+00 - 8.0479e+00i

