roots([1 -6 11 -6])

ans =

    3.0000
    2.0000
    1.0000

diary off
 
format long e
roots([1 -6 11 -6])

ans =

     3.000000000000002e+00
     1.999999999999998e+00
     1.000000000000000e+00

roots([1 -3 3 -1])

ans =

      1.000005250345983e+00 + 9.093980937196160e-06i
      1.000005250345983e+00 - 9.093980937196160e-06i
      9.999894993080326e-01                         

diary off

