Fortran
nsmooth =    392829
   mean = 0.10139040
   time = 2.000004053
 mflops =      1179
