Fortran
nsmooth =    395041
   mean = 0.10139040
   time = 2.000001907
 mflops =      1186
