number of columns n=2

A =

     0     0
     0     0


B =

   1.0000e+00   1.1102e-16
   1.1102e-16   1.0000e+00


C =

   1.0000e+00  -1.1102e-16
  -2.2204e-16   3.0000e+00

number of columns n=3

A =

     0     0     0
     0     0     0
     0     0     0


B =

   1.0000e+00            0  -5.5511e-17
            0   1.0000e+00   5.5511e-17
  -5.5511e-17   5.5511e-17   1.0000e+00


C =

   5.8579e-01  -1.1102e-16   5.5511e-17
            0   2.0000e+00   1.1102e-16
            0   2.2204e-16   3.4142e+00

number of columns n=4

A =

     0     0     0     0
     0     0     0     0
     0     0     0     0
     0     0     0     0


B =

   1.0000e+00  -2.7756e-17            0   8.3267e-17
  -2.7756e-17   1.0000e+00   5.5511e-17  -1.1102e-16
            0   5.5511e-17   1.0000e+00   1.3878e-16
   8.3267e-17  -1.1102e-16   1.3878e-16   1.0000e+00


C =

   3.8197e-01  -6.9389e-17   5.5511e-17   1.2490e-16
  -1.6653e-16   1.3820e+00  -1.1102e-16  -2.2204e-16
   3.3307e-16            0   2.6180e+00   3.3307e-16
   2.2204e-16            0   3.3307e-16   3.6180e+00

